620,236
589,126
260,42
335,250
778,306
593,810
629,319
122,109
720,536
519,541
461,98
647,228
810,82
191,150
460,419
349,490
279,311
632,181
857,4
114,490
776,879
320,196
722,924
356,881
395,986
989,545
585,894
197,752
926,356
701,87
533,170
983,219
409,813
367,910
475,252
726,104
463,124
832,80
832,720
499,120
487,73
818,611
911,620
518,885
73,477
426,102
669,330
14,255
775,662
919,422
634,683
471,76
765,236
103,839
508,807
415,82
545,345
717,102
407,39
66,512
570,548
553,675
711,263
823,809
501,427
667,732
84,235
788,725
693,122
644,111
366,69
931,970
983,532
558,679
140,309
83,388
421,988
385,22
754,201
606,345
502,876
595,401
669,55
621,865
808,223
814,761
879,682
181,342
49,51
459,620
676,939
785,481
941,842
134,954
572,608
392,779
268,986
632,679
707,831
210,504
188,858
828,586
48,75
899,170
96,375
958,29
519,379
750,986
144,674
523,649
48,556
170,217
628,552
201,642
707,964
930,602
510,583
447,765
433,161
797,743
597,762
298,716
834,555
262,528
348,753
290,118
607,348
121,228
306,751
873,278
726,818
961,791
320,807
425,375
310,951
434,652
984,804
363,658
909,440
624,801
473,118
421,299
358,981
179,656
483,226
351,736
400,769
446,656
831,757
554,594
992,883
684,266
413,681
276,497
686,181
711,352
887,977
553,296
244,750
995,429
30,375
957,599
848,412
208,330
291,832
954,916
360,461
176,724
529,706
394,403
461,505
555,534
972,671
7,361
519,583
907,286
174,628
400,722
705,103
821,931
741,976
11,473
486,596
784,304
388,976
368,451
191,133
121,338
477,95
868,121
241,456
565,994
435,842
866,963
587,894
227,14
65,333
248,73
933,695
785,281
821,603
706,661
261,678
649,460
306,571
946,26
681,34
71,890
974,246
198,364
256,64
267,232
357,369
488,801
584,742
939,130
802,6
738,680
203,350
14,735
234,797
416,25
495,316
666,581
386,330
